game            rttmin  avg             max             mdev 
server-1         		20.417	22.211			25.878			1.219
server-2        		150.183	151.662			155.997			1.472
server-3            	154.659	158.536			171.248			3.952
server-4 				148.275	162.116			341.793			31.613
server-5 				159.225	160.793			170.441			2.055
server-6 				144.790	163.520			339.839			46.251
server-7 				146.481	153.553			166.751			6.060
server-8 				145.178	146.251			154.436			1.628
local-server 			14.491	15.939			17.725			0.713
